25.2961
24.9437
25.294
24.8647
24.7026
25.0186
25.1406
25.412
25.4499
25.6461
26.1032
26.2156
26.8635
26.7686
26.6392
26.4602
25.4338
26.5945
27.5707
27.6651
28.1243
28.8619
29.2208
29.5811
29.6975
30.1134
30.2736
30.3109
30.5835
31.2767
25.4297
24.7945
24.8081
24.535
24.8153
25.127
25.4852
25.3126
25.2112
25.4726
25.5911
26.2613
26.9943
26.3153
26.5113
26.2773
25.2153
26.8343
27.4233
27.2299
27.6696
28.3249
28.3711
28.1565
28.0538
28.4835
28.8879
29.1366
29.7497
30.2021
24.767
24.8081
24.7945
24.6888
24.8682
25.0804
25.2409
25.2306
25.1327
25.1682
25.5459
26.2951
26.845
26.0453
26.19
25.7815
25.1552
26.444
26.6171
26.0511
26.6422
26.8221
26.424
26.1405
26.4716
27.4962
27.9839
28.2224
28.5274
29.092
24.7682
24.8475
25.1173
24.8274
24.8646
24.77
24.6906
24.8632
24.846
24.9338
25.4755
25.9918
25.9892
25.6742
26.0405
25.2084
25.006
25.7401
24.8087
24.8998
25.2777
24.8396
24.7561
24.9253
25.8334
26.7643
26.9221
26.8402
27.5607
28.3593
25.1242
25.0509
25.106
24.7296
24.3374
24.3514
24.526
24.5114
24.5114
24.9098
25.498
25.7701
25.3081
25.7175
25.8351
24.235
23.9543
23.7194
22.6096
23.3631
23.5243
23.0619
23.5125
24.1394
25.1738
25.7952
25.8845
26.4027
27.6382
28.7729
25.2348
25.1517
24.951
24.3439
24.3514
24.3374
24.5283
24.711
24.566
25.2489
25.4656
25.9136
25.329
24.9812
24.3643
22.485
21.3554
21.3728
21.4793
22.2483
22.3274
22.3135
23.7746
24.4225
25.2434
25.6358
26.0495
27.2306
28.5761
29.4814
25.9728
25.4393
24.9637
24.8684
24.8896
24.9912
25.1668
25.0259
25.0578
25.4866
24.8056
24.424
23.624
23.4066
22.1186
20.299
20.4022
20.9597
21.3747
21.9053
21.5463
22.9133
23.9306
24.53
25.0841
25.3823
26.1874
27.4236
28.5623
28.8618
26.1785
25.6185
25.0506
24.9928
25.107
25.1479
25.0405
22.7421
22.7545
23.1662
23.3004
22.9457
22.2511
22.0519
20.6427
19.6438
19.8798
20.51
20.4556
20.6006
21.4381
23.1268
23.767
23.7012
24.2993
25.3425
26.3305
27.4449
28.1256
28.6057
26.237
25.5664
24.9098
24.1962
23.3635
22.789
22.9082
22.7545
22.7421
23.2397
22.5482
22.1947
21.2722
20.1491
19.1905
18.3192
19.1299
19.7363
20.4395
21.5828
22.4077
23.4036
23.2699
23.7006
24.8379
25.7716
26.8113
27.5697
28.3331
28.9328
25.4335
24.3557
23.4614
23.1687
23.1349
22.5163
22.5496
22.1613
21.5976
21.8421
21.9251
21.0354
20.2908
20.2362
19.3549
18.2532
19.724
20.36
21.3792
22.1922
22.4126
22.5044
23.1603
24.1399
25.3302
26.1363
26.552
27.3319
28.12
28.3409
23.7063
23.3036
22.6119
22.6593
22.6264
22.4945
21.6339
21.5803
21.5267
21.7884
20.0655
20.0764
19.9635
19.9745
18.6113
18.4088
19.2348
20.3623
20.3824
21.3863
22.1942
22.9775
23.8583
24.7756
25.3451
25.7415
26.4919
27.3021
27.503
27.518
23.4594
22.7892
22.1901
21.6866
21.3272
21.1561
21.1803
21.4121
21.3907
20.7184
20.0764
20.0655
19.8858
21.6019
19.4847
18.4109
19.5853
19.856
18.9247
21.5407
23.0999
23.9912
24.1997
24.78
25.2731
25.9761
26.2305
26.3351
26.3883
26.502
23.4733
22.357
21.4331
21.6087
22.1249
21.9015
21.8639
21.4119
20.6084
20.757
20.6896
22.2897
22.049
22.061
17.9886
17.4812
19.3474
20.9636
21.8346
22.9637
23.6747
23.6791
23.9513
24.4305
25.2097
24.9953
25.122
25.2671
25.4598
25.8031
23.4064
22.5584
22.218
22.5053
22.5812
22.5139
22.3427
21.2361
21.8282
22.7476
22.3586
22.2051
22.061
16.9504
16.9596
18.4271
17.035
22.3823
22.9415
23.5221
23.2288
23.45
23.7191
24.5041
24.407
24.3167
24.7449
25.0188
25.464
25.7989
24.238
23.5576
23.5265
23.6456
23.2735
23.0221
22.7698
23.0186
23.1904
22.5683
23.0219
22.7523
21.0957
16.9596
16.9504
20.9721
22.6303
22.5991
22.7599
23.1413
22.543
22.6091
23.7055
23.8695
24.1585
23.9027
24.0141
24.0386
24.5132
24.7772
24.6022
24.0314
24.1799
24.4402
24.1157
23.6399
23.821
23.5971
23.6263
23.0277
22.1952
21.1844
19.5457
16.8395
22.5341
22.4311
22.4433
22.4313
21.9932
21.3267
21.641
22.7129
23.1563
22.9758
22.9642
22.9043
22.8055
23.1643
24.0342
24.0488
25.5131
25.3241
25.5975
25.4491
24.6043
24.4213
24.1484
23.7799
23.631
21.9545
21.3831
19.7474
18.9055
18.5134
21.0427
22.4433
20.2282
20.2392
20.7679
21.0385
22.1989
22.7705
22.8711
22.3322
22.0105
21.9883
22.9939
23.4095
23.8492
23.4326
27.0829
26.9517
26.4609
25.5848
25.0841
24.8602
24.2473
23.2045
22.271
21.8738
20.5811
20.6101
19.6431
19.4252
20.1172
20.3207
20.2392
20.2282
20.9205
22.1382
21.454
21.6015
21.892
22.1277
22.7338
22.7666
23.3679
23.7356
23.8666
23.6902
28.1569
27.287
26.327
25.6565
25.0494
24.2351
23.4197
22.3406
21.3108
21.0559
21.3668
20.2212
19.7254
19.379
20.8448
20.9118
20.2
20.9182
21.899
21.9109
22.0534
22.2956
23.2189
22.8312
22.564
22.7066
23.4977
24.0205
24.8926
25.3066
28.6319
27.2877
26.5395
25.3816
24.4954
23.8756
23.3988
23.6199
22.4526
21.7285
21.0513
20.0896
19.2722
19.1109
20.5104
20.2438
21.1903
21.3504
21.9109
21.899
23.5117
23.8323
23.7003
23.0558
22.7626
23.9131
25.15
25.5176
26.2731
26.3159
28.2988
26.966
25.9914
25.0639
24.4391
24.1179
24.1103
23.0585
21.8976
20.7989
20.2427
19.8969
19.2497
19.7855
21.3664
22.1436
22.3815
23.0248
23.4472
23.5416
23.5154
23.6982
23.4267
24.4147
25.2335
25.498
25.9449
25.9176
25.9728
26.1924
28.0603
26.7035
25.6173
24.9297
24.7583
24.5483
23.8291
22.1402
21.5695
21.4788
21.1807
20.5963
20.2444
20.4004
22.5591
23.1242
23.2219
23.5501
23.5452
24.8563
25.4215
25.3752
25.389
25.0197
25.2586
25.6037
25.5308
25.5715
25.8471
26.044
28.0339
26.6232
25.8687
25.4002
24.9743
24.4036
23.7429
22.0004
22.2419
21.8373
21.3303
21.2056
20.8194
22.478
24.2347
24.5034
24.8303
25.6944
26.0184
25.4961
25.1955
25.389
25.3752
24.925
25.0812
25.1547
25.3645
25.4948
26.1176
26.2318
27.3219
26.1321
25.6894
25.2713
24.8883
24.1585
22.9905
22.2416
22.52
22.36
22.2982
22.928
23.7159
24.8251
25.8611
25.8004
26.0098
25.7772
25.7704
25.2614
24.9296
25.1601
24.8993
24.7123
24.9701
25.3283
25.3707
25.5993
25.9287
26.1679
27.0505
26.3813
26.1965
25.7388
25.1517
24.5663
23.9453
23.9127
24.2298
24.2954
25.2736
25.6605
25.4574
26.4713
26.474
25.8875
25.9775
25.8284
25.5928
25.156
25.2386
25.5041
24.7813
24.9668
25.2168
25.2314
25.2158
25.7366
25.7366
25.7826
28.3371
27.9823
27.2451
26.5461
26.1405
25.9214
25.7888
26.1061
26.2895
26.2142
27.3931
26.5601
26.0923
26.681
26.2236
25.3756
25.8125
25.6787
25.6622
25.2021
25.5508
25.6248
25.1804
25.006
25.2314
25.2168
25.1952
25.4718
25.7958
25.5153
29.8833
28.845
27.829
27.3483
27.5462
27.6481
27.6061
27.5365
27.4303
27.6181
27.5975
26.5835
26.3546
26.6371
25.902
25.7851
25.8856
26.1233
25.8685
25.9719
26.1594
25.7198
25.1595
25.0758
25.1267
25.0298
25.1226
25.5949
25.427
25.3496
30.6633
29.5112
28.8072
28.9433
29.3203
29.1936
28.7714
28.5113
28.2173
28.1647
27.766
26.7018
26.6188
26.7384
26.2686
26.6084
26.5418
26.6626
26.2184
26.1249
25.9402
25.468
24.9676
25.1742
25.2252
25.0682
24.9432
25.4108
25.4247
25.019
31.6102
30.4973
30.263
30.4774
30.6908
30.0782
29.591
29.0951
28.5475
28.5083
27.9255
26.6476
26.878
26.963
26.6121
27.1429
26.7191
26.7244
26.5111
26.1887
25.8183
25.4034
25.445
25.5738
25.2926
24.976
25.1559
25.4247
25.4108
24.5953
32.6293
31.764
31.2794
31.5211
31.5208
30.641
29.9448
29.0674
28.805
28.8072
28.099
27.0326
27.4124
27.6428
27.4318
27.4297
27.2216
27.4026
26.8871
26.9515
26.4077
26.1415
25.9524
25.8117
25.4465
25.4046
25.4218
25.6035
25.134
24.8043
25.2961
